63.95413333333333 0.9938645833333334 0.0
63.89653333333333 0.98101875 0.01
63.75306666666667 0.9442479166666666 0.02
63.965066666666665 0.9972541666666667 0.03
63.967733333333335 0.9963770833333333 0.04
63.818133333333336 0.9611583333333333 0.05
63.88826666666667 0.9844958333333333 0.06
63.93306666666667 0.9917958333333333 0.07
63.88 0.9799291666666666 0.08
63.82533333333333 0.9688979166666667 0.09
63.85013333333333 0.96636875 0.1
63.962666666666664 0.9972354166666667 0.11
63.891466666666666 0.9743875 0.12
63.916266666666665 0.9878833333333333 0.13
63.976 0.9988291666666667 0.14
63.88666666666666 0.98773125 0.15
63.84 0.96163125 0.16
63.85946666666667 0.97495625 0.17
63.85066666666667 0.9683416666666667 0.18
63.98266666666667 0.9994020833333334 0.19
63.98533333333334 0.99874375 0.2
63.913333333333334 0.9917208333333334 0.21
63.836 0.9624166666666667 0.22
63.9816 0.9992708333333333 0.23
63.94826666666667 0.99328125 0.24
63.9448 0.9928083333333333 0.25
63.904266666666665 0.9811 0.26
63.97306666666667 0.9975625 0.27
63.94266666666667 0.9961020833333334 0.28
63.894933333333334 0.9764541666666666 0.29
63.849066666666666 0.98101875 0.3
63.89066666666667 0.9810375 0.31
63.9 0.98501875 0.32
63.882133333333336 0.9687083333333333 0.33
63.944 0.9960875 0.34
63.9056 0.9893770833333333 0.35000000000000003
63.66746666666667 0.7034791666666667 0.36
63.556266666666666 0.913775 0.37
63.8248 0.9755479166666666 0.38
63.7536 0.34685208333333334 0.39
63.64533333333333 0.9565583333333333 0.4
63.4896 0.3249520833333333 0.41000000000000003
63.67066666666667 0.96131875 0.42
63.656533333333336 0.9673916666666666 0.43
63.309333333333335 0.6041958333333334 0.44
62.7824 0.02019375 0.45
62.984 0.5896416666666666 0.46
62.88453333333333 0.70196875 0.47000000000000003
62.20426666666667 0.30695208333333335 0.48
61.82026666666667 0.3525625 0.49
