63.9088 -0.9840625 0.0
63.972 -0.9969791666666666 0.01
63.96053333333333 -0.9959104166666667 0.02
63.98133333333333 -0.9991729166666666 0.03
63.939733333333336 -0.9841208333333333 0.04
63.97893333333333 0.9980104166666667 0.05
63.9336 -0.98871875 0.06
63.973866666666666 0.9976729166666667 0.07
63.94506666666667 -0.9942291666666667 0.08
63.8928 -0.9870979166666667 0.09
63.828 -0.96324375 0.1
63.87866666666667 -0.9774291666666667 0.11
63.96613333333333 0.9969104166666667 0.12
63.9496 -0.9959416666666666 0.13
63.9808 0.9993041666666667 0.14
63.8488 0.9809770833333333 0.15
63.86346666666667 -0.9752625 0.16
63.9208 -0.9885270833333333 0.17
63.9744 0.9982145833333333 0.18
63.91546666666667 0.9880520833333334 0.19
63.96373333333333 0.99850625 0.2
63.93546666666666 -0.9892291666666667 0.21
63.956 -0.9948958333333333 0.22
63.91706666666666 0.9868520833333333 0.23
63.98106666666666 0.9989541666666667 0.24
63.943733333333334 0.9936458333333333 0.25
63.953066666666665 0.9949645833333334 0.26
63.9584 -0.99545 0.27
63.93866666666667 0.99181875 0.28
63.95706666666667 -0.9966145833333333 0.29
63.784533333333336 0.9569208333333333 0.3
63.9504 -0.9950520833333333 0.31
63.93813333333333 -0.9947833333333334 0.32
63.84746666666667 0.23255833333333334 0.33
63.456266666666664 -0.010220833333333334 0.34
63.912533333333336 0.90775625 0.35000000000000003
63.877066666666664 0.9849041666666667 0.36
63.821866666666665 -0.8044270833333333 0.37
63.6352 -0.9368166666666666 0.38
63.3968 0.48754375 0.39
63.827733333333335 0.9812375 0.4
63.251733333333334 -0.014954166666666666 0.41000000000000003
63.192 0.3228520833333333 0.42
63.21306666666667 -0.6986354166666666 0.43
62.880266666666664 0.20371458333333334 0.44
63.363733333333336 -0.7812791666666666 0.45
62.976 0.08465416666666667 0.46
62.66266666666667 -0.07532291666666667 0.47000000000000003
62.48133333333333 -0.23917916666666666 0.48
62.42426666666667 -0.5599583333333333 0.49
